  1  1  1  1      0.041  0.000  0.000  0.000  1.000  0.000  0.000  0.000  0.000  0.000  1.000  0.000  0.000  0.000  0.000  0.000  0.000  0.000  0.000
  1  1  3  1      0.008  0.000  0.000  0.000  0.000  0.000  0.000  1.000  0.000  0.000  0.000  0.000  0.000  0.000  1.000  0.000  0.000  0.000  0.000
  1  2  3  1      0.011  0.000  0.000  0.000  0.000  0.000  0.000  1.000  0.000  0.000  0.000  0.000  0.000  0.000  1.000  0.000  0.000  0.000  0.000
  1  3  1  1      0.014  0.000  0.000  0.000  0.185  0.000  0.000  0.000  0.000  0.815  0.185  0.000  0.000  0.000  0.000  0.000  0.000  0.815  0.000
  1  3  2  1      0.180  0.000  0.000  0.000  0.000  0.000  0.000  0.000  0.000  1.000  0.000  0.000  0.000  0.000  0.000  0.000  0.000  1.000  0.000
  2  1  1  1      0.032  0.000  0.000  0.000  0.000  0.000  0.000  0.000  0.000  1.000  0.000  0.000  0.000  0.000  0.000  0.000  0.000  1.000  0.000
  2  1  2  1      0.718  0.000  0.000  0.000  0.000  0.000  0.000  0.484  0.000  0.516  0.000  0.000  0.000  0.000  0.484  0.000  0.000  0.516  0.000
  2  1  3  1      0.027  0.000  0.000  0.000  0.000  0.000  0.000  0.953  0.000  0.047  0.000  0.000  0.000  0.000  0.953  0.000  0.000  0.047  0.000
  2  2  3  1      0.005  0.000  0.000  0.000  0.000  0.000  0.000  1.000  0.000  0.000  0.000  0.000  0.000  0.000  1.000  0.000  0.000  0.000  0.000
  2  3  1  1      0.039  0.000  0.000  0.000  0.000  0.000  0.000  0.000  0.000  1.000  0.000  0.000  0.000  0.000  0.000  0.000  0.000  1.000  0.000
  2  3  2  1      0.104  0.000  0.000  0.000  0.000  0.000  0.000  0.000  0.000  1.000  0.000  0.000  0.000  0.000  0.000  0.000  0.000  1.000  0.000
  3  1  1  1      0.058  0.000  0.000  0.000  0.000  0.000  0.000  1.000  0.000  0.000  0.000  0.000  0.000  0.000  1.000  0.000  0.000  0.000  0.000
  3  1  2  1      0.696  0.000  0.000  0.000  0.000  0.000  0.000  1.000  0.000  0.000  0.000  0.000  0.000  0.000  1.000  0.000  0.000  0.000  0.000
  3  2  3  1      0.007  0.000  1.000  0.000  0.000  0.000  0.000  0.000  0.000  0.000  0.000  0.000  1.000  0.000  0.000  0.000  0.000  0.000  0.000
  3  3  3  1      0.183  0.000  1.000  0.000  0.000  0.000  0.000  0.000  0.000  0.000  0.000  0.000  1.000  0.000  0.000  0.000  0.000  0.000  0.000
  4  1  2  1      0.288  0.000  0.000  0.000  0.569  0.000  0.000  0.431  0.000  0.000  0.000  0.000  0.000  0.000  0.431  0.000  0.000  0.569  0.000
  4  1  3  1      0.204  0.000  0.456  0.000  0.544  0.000  0.000  0.000  0.000  0.000  0.000  0.000  0.456  0.000  0.000  0.000  0.000  0.544  0.000
  4  2  2  1      0.157  0.000  0.000  0.000  1.000  0.000  0.000  0.000  0.000  0.000  0.000  0.000  0.000  0.000  0.000  0.000  0.000  1.000  0.000
  4  2  3  1      0.357  0.000  0.612  0.000  0.388  0.000  0.000  0.000  0.000  0.000  0.000  0.000  0.612  0.000  0.000  0.000  0.000  0.388  0.000
  4  3  3  1      0.897  0.000  1.000  0.000  0.000  0.000  0.000  0.000  0.000  0.000  0.000  0.000  1.000  0.000  0.000  0.000  0.000  0.000  0.000
  5  1  1  1      0.034  0.000  0.000  0.000  1.000  0.000  0.000  0.000  0.000  0.000  1.000  0.000  0.000  0.000  0.000  0.000  0.000  0.000  0.000
  5  1  2  1      0.026  0.000  0.000  0.000  1.000  0.000  0.000  0.000  0.000  0.000  0.000  0.000  0.000  0.000  0.000  0.000  0.000  1.000  0.000
  5  1  3  1      0.001  0.000  1.000  0.000  0.000  0.000  0.000  0.000  0.000  0.000  0.000  0.000  1.000  0.000  0.000  0.000  0.000  0.000  0.000
  5  2  2  1      0.019  0.000  0.000  0.000  1.000  0.000  0.000  0.000  0.000  0.000  0.000  0.000  0.000  0.000  0.000  0.000  0.000  1.000  0.000
